3873801609
2910784116
1268730622
2836341369
1813575936
251402730
2080553035
1306516229
1361312549
714485080
239468124
1880697998
1080893038
3643934062
2617717643
145709937
931869182
4290640436
2532058570
426311745
774663073
3316358626
396189658
2907218682
4222305842
498324335
1865515723
2809143297
2528712986
3469068022
393825214
3876444510
4261099045
1137589005
2749703552
2363818046
1012788726
2431831390
21137590
2223950835
3335627801
1849589716
299215089
2549242785
2776073159
2937458832
434156771
1860642367
4274458635
3029502425
1794361042
4153530636
2220980146
2283998995
303569600
4233317999
1168913617
414055567
3697926919
678097496
1260127633
2537435866
1343780492
729357645
2508447986
873441407
1884681912
2516401066
4087634294
2497884529
2030587520
3387081372
472085252
2209326414
1711927947
335602275
3458301320
1609389411
1832181739
3717935971
1772262402
2238828046
1919412125
129628755
3300279636
2275238922
713185185
2227774895
2683413167
809527268
1770022687
2583592718
2971775159
1419762551
681193652
4078401795
2615550377
961160885
3533318728
538086870
