3201358212
2900625173
3023937661
3513223098
1300796143
3191611316
2162396634
3415179009
1451020499
2792786644
1407469503
1529242396
860872250
891608696
1445055865
408088344
3384532712
191944543
3858896675
4087551820
2130912910
1210308779
1041924355
324719402
3659482197
2335887651
104348556
3480926311
1485737729
2375642957
548622304
4192966378
1695831215
2100150542
3349329506
3998643298
3262603168
4135704733
1915735236
231516647
2574624779
2857617733
2102313935
598958846
3288997952
229592277
3703738355
3679282473
4211637853
4279443049
3803069594
3065247300
999519734
455876399
2935323125
1601356294
3247923331
1779054728
116926724
1396170612
1233205545
4261443990
1906860746
239398216
4088111350
2159543233
2895021888
1514280627
3230830761
1208537994
3220671139
960238711
1208462675
2106411824
679809732
52792679
3865763781
2100168057
2768172641
1664408720
2017323417
1468451866
944833743
2393457517
288697755
2178408417
3030804508
3547179614
542697976
1128506966
1711389033
829778558
1492787702
1875339644
888498473
2349976493
2237503018
3743748421
3680503477
4193700475
1750428422
1300845756
2626138298
3702103800
1067071197
927681100
576868861
4202988392
2448056257
2506924323
1930999743
1887802130
209230422
1156316777
3448955319
1759634910
4041271288
902675073
2059823870
1354440948
1912642548
3725368896
673097656
2030409413
3644918014
3974510173
834568787
3792263518
1689041122
469879634
3195106946
374967184
2311570789
2471465453
3070999299
782710460
1193390438
3082407083
161707615
3866885328
1992094634
1032578714
982098581
2437445273
3778948633
345267636
2809935396
3657880807
3395633197
1127262927
4074273359
538072531
1753010086
3468716478
2933005534
2809973344
37005594
2079962023
3462973297
1788705557
4001476340
3934508087
2036611988
2868766267
181081829
1393728623
3114847608
3068068576
3627254081
3353921556
961209444
1213883003
1600882147
4241945209
4115184521
2746805089
476929653
3945473282
4233633807
3665653571
1528821617
1120840214
4102795214
555437114
899585815
800546697
1295412333
2213766489
1652660289
1992269562
1512134881
4099824751
1455872603
1982272412
2811506452
968127014
632510289
303413315
627668225
2792083690
586952233
3278396666
522632734
726431642
3102121561
859564450
1400238532
2184529179
145078329
2723985612
1784521273
4191986336
2567836164
2093802181
4159260399
2232340578
4088294023
2975412631
2321642625
1386048082
4223045605
3751518638
1359300717
2211640145
3845076476
2351353662
2662742716
1165507156
87954542
1098259742
3293486637
1167769378
3970454878
1908022510
1071325551
189707065
3489258928
3853760051
3427512765
399704880
348321882
385604927
365259257
1538601969
3444484537
3575703957
1305282957
3125826288
278689418
2257936760
663606484
2521509796
2659996124
4223946658
3035932230
1343143039
2031424715
3948214906
531955443
3547570836
2284864710
1591345148
47521057
1382376518
4189381915
102704138
2379938369
3173067025
1176291401
2792345956
3388782301
1577603691
346064027
4219795357
388566198
3989299584
2784487856
100285990
855762928
3330183502
2967890234
470868776
1714005523
3142872970
1057418568
1961503368
2014906518
3024547062
134058466
1908836200
1083691233
2945638449
2658957981
1001032907
822441546
478203634
1922943125
2461132524
321739149
3277780069
2404640936
241896569
3839107544
2400068542
2350433057
200311129
3610386493
1175453585
3846609189
2986101009
1251008470
3820294262
3340553641
2751286540
3476329995
2458635361
998436835
1911506339
823726021
2854013612
2816944669
965305593
3775264079
2935301697
3658366401
3454626769
2753713448
1832289236
764276960
3597948179
2302899963
2261598882
3103498326
313132260
1364551120
2140716911
3937640329
106812054
2716797293
2373989381
285821505
2590733789
1795294058
4199163904
2940618560
1973649864
2505672708
2170168438
124884678
4115355135
209385735
4052575447
2780231498
3657902378
1111562470
3748212318
3451358190
3580931843
1451775348
2274607954
1737221172
3641690317
2545344530
911205249
2537062053
3732604266
2179421927
1653215891
2273785675
4283184184
2891673664
2102257929
2584312727
3921832002
33927782
3940466207
609753463
1421420660
2568829864
275641565
2466204146
2278144372
984670852
3186949373
2909472860
2375994988
1018883674
2066393199
3269567164
5843308
2601781896
1645496954
1806241499
1787050590
2210871969
588926739
467631034
3224604393
158119986
2014599380
1646609897
3650828770
2703663233
4155165648
1854863600
2877697528
4215100793
3517575763
2063488874
4138081919
55990261
253916141
666620832
2130765697
1871780242
397729678
4093255053
2706377251
3295615018
1560713662
2859970943
3222212510
1031575647
2681830893
924842171
3445269780
2092237620
1069418645
3082196786
2876769859
1224277075
3195051240
2165694793
3036610617
2528432463
3236757848
956007258
3412101482
2997415940
3223213550
3687356553
3377561530
2412755975
4251262518
3300839877
32241352
758868286
162556214
733151359
1813393772
3379420923
373090626
2774229782
1417626272
2497907761
3506162030
836265432
3114744071
266501211
4229143965
2202555414
532410890
1506976850
1756536543
1646655000
2690497139
455110857
3722748586
1181593467
1023106824
12658297
551029807
3984714947
1669082173
1321821403
2200359912
529082348
775430643
2674007798
4060012576
3984226515
1597060876
2241420823
1028925763
2441314254
1897856837
2272052651
1709202108
496517498
1804968684
333390761
1488984205
3384656766
2270871348
3602553873
2954208719
4225455691
1495762215
3236244172
2022261518
4072576865
2174219440
4114992057
565462922
105951255
1478623135
3088605167
1931640211
672075251
1560357157
360803562
3937966689
2208936387
359973529
288801763
3203877865
1423266902
1236805492
2584244920
3281012058
2977572639
3416014921
299108225
2400505001
4130823054
1115295183
2182374672
1937666037
3469490410
3280269473
3406173906
4133271397
3186633765
678362145
3677031796
481261906
3346786443
4118400124
177969662
215997878
2055914220
3381127894
3052741948
787738014
4227795395
3065380851
1574035006
1053620011
1600138077
4048574572
2918134074
2398857928
1104891894
2922982163
632804806
2459133457
3826287092
544412696
2859712927
4244656615
581679986
2077787890
2394778694
1741049796
4050685701
4171316315
1167461872
497896125
2753050801
3437897966
2398172620
2724071245
2774770931
2264490604
1585359946
2220981407
2715800098
1476662870
2681041754
103202091
2626638591
1169986212
563275698
211871500
2633553050
3529745828
3353846052
3355851077
3660135965
699965829
1588515360
2517375178
3260700817
3365100482
3283721927
460099798
1626979161
457818976
2445345392
911630317
4190851296
3962585722
3730690669
527430687
1540346997
1081519510
1622948822
2253516424
947697646
2902863499
487022473
2315365353
1137420502
1066394872
152863566
3658111305
3192053525
3167663961
517847140
141274649
3546993174
2913918529
759199113
1234407999
945810820
2571323400
419904769
1590996557
3681194443
2236559204
107617222
795073792
3882514698
1210740153
940557631
482322126
2669590721
666696242
1303639371
2450380132
4265100780
1412707128
1592305662
1216567193
4095422856
307038175
1266146738
691785272
2312150080
1317904164
1310801602
1976769039
3821749034
1913928125
1718122390
3043595416
1711703534
2615094225
1943347509
4181159882
970574486
702600108
2767616837
2501497213
641274412
4204812905
2232663908
1956619133
263039732
1165000724
2789983199
1369754196
28190402
931780778
3486279060
3821170282
3602675526
139619007
2248398203
3807508648
457228083
2525068843
1141360240
2806464356
1592030442
4126977241
3817686325
1460439786
2733434512
1561218910
3828709751
364433813
1521435892
1937045129
2015164352
3511301033
2178725001
171340661
2850104816
1213810340
2425341644
4108575833
1788257325
3786428989
3980355437
478436831
2619610806
4120979115
310869496
2991671242
536395622
967937920
3265277299
1533977666
384456293
2479561657
960273002
2226962789
867058055
1742315643
2872946308
1512532944
2433060250
2879866616
403526918
3414571833
4013176643
1446468902
1334417496
710508978
4218534079
152004138
4111651506
2064328230
4097719760
2335740195
630499937
681837415
481735909
1398599275
869903619
2041667255
937956410
3008618788
2141763009
698652197
1410484604
2779686143
1570667884
1901067628
1472227349
2550321101
1043480004
199234510
3058092839
1422929432
815416466
2647577701
2831658908
3722667731
1387130554
542439156
3776425792
3906381694
1013205268
617582413
1038509494
3539261780
739746181
3474560461
2895853201
3131969919
1227406692
1936048351
1037449949
1615036787
455339971
298423274
4106180258
816177390
1910367699
267191669
2373659312
1733831890
3374472603
2174018704
347998737
2558913720
2810085929
3061078025
1628858759
2068522178
583588303
1529999593
1153903400
749364277
720342459
188052893
175047114
2203510305
1973550457
3884761488
3689003671
3170099967
1294902855
3893765943
2425950790
3420092307
1064990354
232922015
2621915349
1964873931
1443486306
2240841660
2696303888
1917353793
1818419462
1987566424
641224292
4058354459
3044937297
3030855621
2783232365
1818048480
2018057955
2727453114
4163080119
2463565648
2447594377
3885035121
2109905793
2856847926
3783432589
1962816939
4249336875
2717773831
2966003528
306336094
2872385495
3073141990
2356124665
3684406574
4056645119
3107255928
1570105756
614234592
835570859
1004257191
1446016637
2044070267
2536388236
1922545712
710912112
4223340147
3793772296
3474249002
2741880162
3867196606
475080263
3655497264
2972531684
3171958260
4266077220
2357315573
4016759101
573659172
507955744
1268881272
2763629762
788358164
2750699678
3435908701
3116063167
3274732293
1739492728
3700103298
867828830
3682162289
1614256906
3079062076
981721353
1220254798
82548214
299195491
3851186294
1135744982
859583566
3806508892
2318948331
137444831
1244853581
2655519364
2105785438
2161635670
2599451940
3753544666
3505502591
1379530133
674197682
4134626486
3543189501
1521622220
4107057235
162756316
3170530232
2207651409
1691573842
3984169403
2625021107
730145256
2977972145
2351951892
2392544177
1705979293
2682967296
2679141317
3323602580
204879697
718981530
25511548
335684384
1942739910
4253550867
744180917
3475917648
1328582414
100142373
4294882194
2384914998
4283580366
133462143
3276572488
3299530312
2431482572
3437096559
1195262493
4251961847
1824930996
4199550055
1036135030
957788891
2421631189
476035616
1863238507
1551587875
1684257750
1590979810
1860385607
1937000370
2895777069
2651929954
34514948
2604822302
2450780742
1410994612
3824537127
1121946347
3939585220
1031836121
2665535737
1065450673
779588172
618661757
835456150
2655396715
4000337639
2478392397
774052005
1325986759
2457690123
2470840955
3046683829
3998734290
1125123218
3387384779
1692480191
4171725493
2711069628
2081524789
617024524
3381261124
1401823578
3034159194
933936065
2628814804
2698662369
4275476345
1547879660
1901680192
840912948
351252527
157161542
3332726858
3710644779
1140045589
655961616
191713031
375790369
3112062965
102676541
